1.221473267691175
1.2172962847330628
1.1873653170012477
1.1832513213049025
1.2111801242236024
1.1975219318079044
1.2014235533370308
1.2006538257642694
1.2078225335668418
1.2121598252480204
1.1835282651072125
1.2129967108187394
1.21231660592468
1.2177064220183487
1.1996079434074831
1.2017491721151397
1.1836646499567849
1.2055980040542649
1.2013180605680214
1.2081772535267394
1.2103799814643188
1.208631064309891
1.2523923444976077
1.230581933284636
1.2041117208616594
1.2137279825676413
1.232871652816251
1.2282887180846365
1.2428698093689965
1.2150627615062761
1.2467352763123756
1.2495938921377518
1.2273167581530513
1.2074518201284796
1.2099668931869663
1.2140087660148349
1.2049955396966994
1.2187933708874195
1.1995711988565303
1.212974086150678
1.1955953714072416
1.1968807647157471
1.2065622091219361
1.2014955701861334
1.1984508547008548
1.1828073015016636
1.2182933429550784
1.1735169491525423
1.190646562739586
1.192626728110599
1.203600996704445
